2252
444
2010
305
1466
39
2310
314
2175
387
1325
2400
2037
1437
1068
1104
1482
1958
1809
1908
1146
62
325
1352
966
1642
1875
351
2128
2025
2345
759
1933
1924
1646
1079
1085
120
1328
2074
1680
510
1397
373
1666
1682
1432
289
449
511
689
2096
357
1500
1448
266
2058
1749
2414
1786
2347
1426
825
758
2172
2278
436
349
419
1009
228
1950
1337
710
176
1378
1223
618
1665
240
763
1463
1874
646
440
1537
856
1897
1103
700
2379
1838
110
1031
2254
1096
849
254
866
2035
1957
368
152
2250
2242
1382
1478
1595
1791
2314
907
1051
837
1990
313
455
2324
958
1242
791
2029
1850
115
1602
13
2207
2270
1102
1974
141
1840
1731
553
2355
1615
713
1024
2325
575
805
2356
1685
7
2044
2049
2007
356
2080
439
1314
1340
1206
1431
712
1220
1922
253
12
1878
2416
1828
1339
1017
2117
1401
1668
261
77
601
806
2319
1557
2090
1417
2316
2118
569
993
972
1233
1494
1297
2261
2260
2233
1341
1651
1256
991
2311
2068
948
1921
2159
1394
755
1803
1018
1215
1050
912
210
2372
2142
954
1168
1627
502
1124
1238
1805
1653
1898
1995
2032
1596
1571
619
528
344
586
769
570
104
1616
271
1234
909
1817
2204
1881
1447
1313
2272
919
282
1449
458
2073
1232
1036
454
1686
1470
1458
2107
1171
109
1190
616
1204
614
1368
1253
1827
813
2009
1638
724
1499
426
1430
1546
1054
1756
85
1804
834
2065
1291
821
1012
370
1947
937
753
2301
352
826
817
965
1359
2234
1121
2329
68
2134
1937
751
696
236
307
901
134
2040
414
946
2300
2100
2287
1567
1108
544
324
877
222
1303
1667
931
2157
2229
2192
2069
873
1027
1674
2445
1560
2008
5
2183
610
2446
198
2075
1779
2196
2249
578
2011
2115
560
1153
1732
881
1816
1181
2236
1751
1514
1993
1733
1418
2213
1060
1262
2131
130
1461
251
2413
1356
2470
1013
2054
1186
1913
32
481
852
1144
365
1032
339
1621
648
960
2047
2480
2106
1916
752
1379
1637
0
924
1603
302
516
1861
482
1631
1344
701
546
1866
625
465
2293
1021
1119
1279
2469
2285
497
392
1195
191
1465
144
